temp,UMAP1,UMAP2,Cluster,Grid_X,Grid_Y,State
200.0,11.643843,13.723405,4,1,1,rubbery
200.5,11.727606,13.802145,4,1,1,rubbery
201.0,11.946738,13.784895,4,1,1,rubbery
201.5,11.891882,13.828084,4,1,1,rubbery
202.0,11.820474,13.898006,4,1,1,rubbery
202.5,11.887174,13.790769,4,1,1,rubbery
203.0,11.965719,13.846879,4,1,1,rubbery
203.5,11.863856,13.697759,4,1,1,rubbery
204.0,11.92731,13.699463,4,1,1,rubbery
204.5,12.022908,13.696571,4,1,1,rubbery
205.0,12.002929,13.657564,4,1,1,rubbery
205.5,11.79068,13.751577,4,1,1,rubbery
206.0,11.701638,13.823626,4,1,1,rubbery
206.5,11.412958,13.980278,4,1,1,rubbery
207.0,11.37388,13.902143,4,1,1,rubbery
207.5,11.526818,13.882475,4,1,1,rubbery
208.0,11.504499,13.99846,4,1,1,rubbery
208.5,11.678554,13.759522,4,1,1,rubbery
209.0,11.710798,13.976835,4,1,1,rubbery
209.5,11.792756,13.920038,4,1,1,rubbery
210.0,18.315916,4.0493665,2,1,0,glassy
210.5,18.264944,4.025426,2,1,0,glassy
211.0,18.305038,4.0519657,2,1,0,glassy
211.5,18.195314,4.09744,2,1,0,glassy
212.0,18.102922,4.134349,2,1,0,glassy
212.5,18.121439,4.033667,2,1,0,glassy
213.0,18.064508,4.0585923,2,1,0,glassy
213.5,18.174822,4.0927787,2,1,0,glassy
214.0,18.099916,4.093156,2,1,0,glassy
214.5,18.118359,4.1142364,2,1,0,glassy
215.0,18.214533,4.117198,2,1,0,glassy
215.5,18.12331,3.9505072,2,1,0,glassy
216.0,18.256788,3.88616,2,1,0,glassy
216.5,18.364216,3.578043,2,1,0,glassy
217.0,18.296267,3.7446012,2,1,0,glassy
217.5,18.44029,3.5739727,2,1,0,glassy
218.0,18.371521,3.6109853,2,1,0,glassy
218.5,18.55821,3.6226766,2,1,0,glassy
219.0,18.548351,3.613696,2,1,0,glassy
219.5,18.822357,3.6397748,2,1,0,glassy
220.0,18.825605,3.5955284,2,1,0,glassy
220.5,18.888302,3.6294842,2,1,0,glassy
221.0,18.96267,3.6633902,2,1,0,glassy
221.5,18.837502,3.5513318,2,1,0,glassy
222.0,19.186861,3.7899718,2,1,0,glassy
222.5,18.858055,3.9564655,2,1,0,glassy
223.0,18.91231,4.0090127,2,1,0,glassy
223.5,18.946606,3.8863444,2,1,0,glassy
224.0,18.718117,3.8357081,2,1,0,glassy
224.5,18.698736,4.1564975,2,1,0,glassy
225.0,10.800591,13.42699,4,1,1,rubbery
225.5,11.266299,13.241273,4,1,1,rubbery
226.0,11.41931,13.213864,4,1,1,rubbery
226.5,11.259589,13.2099695,4,1,1,rubbery
227.0,11.333866,13.2321615,4,1,1,rubbery
227.5,11.196676,13.227263,4,1,1,rubbery
228.0,11.003078,13.389179,4,1,1,rubbery
228.5,11.472083,13.260541,4,1,1,rubbery
229.0,11.420616,13.232283,4,1,1,rubbery
229.5,11.396684,13.618162,4,1,1,rubbery
230.0,10.831543,13.652414,4,1,1,rubbery
230.5,10.767711,13.472209,4,1,1,rubbery
231.0,10.881217,13.593356,4,1,1,rubbery
231.5,10.912421,13.415672,4,1,1,rubbery
232.0,10.574694,13.346444,4,1,1,rubbery
232.5,10.568671,13.545587,4,1,1,rubbery
233.0,10.538411,13.733504,4,1,1,rubbery
233.5,10.695443,13.496835,4,1,1,rubbery
234.0,10.654294,13.818472,4,1,1,rubbery
234.5,10.771466,13.950039,4,1,1,rubbery
235.0,10.672671,13.846886,4,1,1,rubbery
235.5,10.480839,13.803193,4,1,1,rubbery
236.0,10.355739,13.694562,4,1,1,rubbery
236.5,10.298435,13.553245,4,1,1,rubbery
237.0,10.378942,13.36577,4,1,1,rubbery
237.5,10.334395,13.644586,4,1,1,rubbery
238.0,10.473331,13.872904,4,1,1,rubbery
238.5,10.479422,14.067303,4,1,1,rubbery
239.0,10.479518,14.203501,4,1,1,rubbery
239.5,10.605967,13.915698,4,1,1,rubbery
240.0,10.687268,13.075487,4,1,1,rubbery
240.5,10.604139,13.030983,4,1,1,rubbery
241.0,10.477505,13.101772,4,1,1,rubbery
241.5,10.557711,13.86232,4,1,1,rubbery
242.0,10.295636,13.086817,4,1,1,rubbery
242.5,10.474391,13.096567,4,1,1,rubbery
243.0,10.737717,13.049725,4,1,1,rubbery
243.5,10.792774,13.135514,4,1,1,rubbery
244.0,10.697383,13.056381,4,1,1,rubbery
244.5,11.319105,13.288477,4,1,1,rubbery
245.0,11.022558,13.34226,4,1,1,rubbery
245.5,10.867243,13.215688,4,1,1,rubbery
246.0,10.834066,13.280458,4,1,1,rubbery
246.5,10.993426,13.1616125,4,1,1,rubbery
247.0,11.006953,13.08748,4,1,1,rubbery
247.5,10.652164,13.319637,4,1,1,rubbery
248.0,10.295337,13.195446,4,1,1,rubbery
248.5,10.668214,14.189287,4,1,1,rubbery
249.0,10.974928,13.516022,4,1,1,rubbery
249.5,11.146205,13.3359995,4,1,1,rubbery
250.0,11.096588,13.386927,4,1,1,rubbery
250.5,10.447695,12.996455,4,1,1,rubbery
251.0,10.636556,13.507554,4,1,1,rubbery
251.5,10.4556055,13.401027,4,1,1,rubbery
252.0,9.981032,13.431561,4,0,1,rubbery
252.5,10.129129,13.702239,4,1,1,rubbery
253.0,10.177291,13.7566595,4,1,1,rubbery
253.5,11.625747,14.053598,4,1,1,rubbery
254.0,10.93851,13.877633,4,1,1,rubbery
254.5,10.932195,13.508895,4,1,1,rubbery
255.0,10.847187,13.2855015,4,1,1,rubbery
255.5,10.703206,14.002337,4,1,1,rubbery
256.0,10.841386,14.035477,4,1,1,rubbery
256.5,11.001518,14.006738,4,1,1,rubbery
257.0,11.032734,13.976382,4,1,1,rubbery
257.5,11.337827,13.516624,4,1,1,rubbery
258.0,10.7598,14.154568,4,1,1,rubbery
258.5,10.748606,13.958592,4,1,1,rubbery
259.0,10.893551,14.005669,4,1,1,rubbery
259.5,11.136475,13.949875,4,1,1,rubbery
260.0,10.926503,14.170249,4,1,1,rubbery
260.5,11.583173,13.694283,4,1,1,rubbery
261.0,11.541541,14.062206,4,1,1,rubbery
261.5,10.406282,13.27354,4,1,1,rubbery
262.0,11.828638,13.591231,4,1,1,rubbery
262.5,11.414092,13.828901,4,1,1,rubbery
263.0,10.053475,13.602098,4,1,1,rubbery
263.5,10.003697,13.500019,4,1,1,rubbery
264.0,10.212594,13.5571995,4,1,1,rubbery
264.5,11.7562475,13.805587,4,1,1,rubbery
265.0,10.444455,13.481999,4,1,1,rubbery
265.5,10.346787,14.080809,4,1,1,rubbery
266.0,10.16451,13.897522,4,1,1,rubbery
266.5,10.496975,13.984063,4,1,1,rubbery
267.0,10.436001,12.911793,4,1,1,rubbery
267.5,10.228504,13.111072,4,1,1,rubbery
268.0,10.248764,13.696318,4,1,1,rubbery
268.5,9.993603,13.255984,4,0,1,rubbery
269.0,9.931248,13.242135,4,0,1,rubbery
269.5,10.005527,13.224002,4,1,1,rubbery
270.0,10.447568,13.593603,4,1,1,rubbery
270.5,11.429609,13.844644,4,1,1,rubbery
271.0,10.336044,13.419337,4,1,1,rubbery
271.5,10.193905,13.46678,4,1,1,rubbery
272.0,18.36091,4.193665,2,1,0,glassy
272.5,18.462362,3.9867976,2,1,0,glassy
273.0,18.7148,3.5629787,2,1,0,glassy
273.5,18.63973,4.258061,2,1,0,glassy
274.0,18.969618,3.6237662,2,1,0,glassy
274.5,18.51568,4.124597,2,1,0,glassy
275.0,18.659918,4.029338,2,1,0,glassy
275.5,18.74912,3.4901974,2,1,0,glassy
276.0,18.709131,4.072626,2,1,0,glassy
276.5,18.736929,3.5924962,2,1,0,glassy
277.0,18.957489,4.114287,2,1,0,glassy
277.5,19.04483,4.1290393,2,1,0,glassy
278.0,18.866232,3.757871,2,1,0,glassy
278.5,18.829376,3.8935914,2,1,0,glassy
279.0,18.681553,3.7304518,2,1,0,glassy
279.5,18.636484,3.5587552,2,1,0,glassy
280.0,18.460735,3.427002,2,1,0,glassy
280.5,19.22163,4.0235295,2,1,0,glassy
281.0,18.84668,3.7207334,2,1,0,glassy
281.5,19.216148,4.192916,2,1,0,glassy
282.0,19.122253,4.2962213,2,1,0,glassy
282.5,18.922705,3.856404,2,1,0,glassy
283.0,19.055979,3.8426373,2,1,0,glassy
283.5,19.039255,4.299849,2,1,0,glassy
284.0,19.150414,4.293908,2,1,0,glassy
284.5,19.130207,4.228914,2,1,0,glassy
285.0,18.907883,3.6171236,2,1,0,glassy
285.5,19.249271,3.9815648,2,1,0,glassy
286.0,18.867836,3.543828,2,1,0,glassy
286.5,18.470373,3.9699593,2,1,0,glassy
287.0,19.296309,4.1072106,2,1,0,glassy
287.5,19.258373,4.079633,2,1,0,glassy
288.0,19.160376,4.2057605,2,1,0,glassy
288.5,19.288343,3.8658803,2,1,0,glassy
289.0,19.150581,3.878397,2,1,0,glassy
289.5,19.150547,3.9347925,2,1,0,glassy
290.0,18.908401,7.417368,2,1,0,glassy
290.5,19.037231,7.650695,2,1,0,glassy
291.0,19.051487,7.563251,2,1,0,glassy
291.5,19.111044,7.592624,2,1,0,glassy
292.0,18.883953,7.3269567,2,1,0,glassy
292.5,18.876257,7.3539643,2,1,0,glassy
293.0,18.988983,7.4926553,2,1,0,glassy
293.5,18.958511,7.4278035,2,1,0,glassy
294.0,19.019722,7.6591463,2,1,0,glassy
294.5,18.941444,7.3473773,2,1,0,glassy
295.0,18.923529,7.3533034,2,1,0,glassy
295.5,18.909128,7.4045,2,1,0,glassy
296.0,19.094822,7.369202,2,1,0,glassy
296.5,18.93701,7.432557,2,1,0,glassy
297.0,19.096512,7.2835603,2,1,0,glassy
297.5,19.092054,7.360391,2,1,0,glassy
298.0,19.034513,7.377306,2,1,0,glassy
298.5,18.980543,7.4980445,2,1,0,glassy
299.0,19.025679,7.550406,2,1,0,glassy
299.5,19.181025,7.836004,2,1,0,glassy
300.0,19.589817,8.568296,2,1,0,glassy
300.5,19.198854,8.894169,2,1,0,glassy
301.0,19.146545,8.440419,2,1,0,glassy
301.5,19.411337,8.298553,2,1,0,glassy
302.0,19.377443,8.49271,2,1,0,glassy
302.5,19.231293,8.348503,2,1,0,glassy
303.0,19.59762,8.473821,2,1,0,glassy
303.5,19.523876,8.359666,2,1,0,glassy
304.0,19.169386,8.440612,2,1,0,glassy
304.5,19.338528,8.8018265,2,1,0,glassy
305.0,19.367535,8.314191,2,1,0,glassy
305.5,19.581846,8.156404,2,1,0,glassy
306.0,19.135384,8.2857,2,1,0,glassy
306.5,19.456999,8.471913,2,1,0,glassy
307.0,19.336355,8.747478,2,1,0,glassy
307.5,19.16968,8.566238,2,1,0,glassy
308.0,19.226654,8.107367,2,1,0,glassy
308.5,19.24503,8.151789,2,1,0,glassy
309.0,19.497423,7.8063455,2,1,0,glassy
309.5,19.597933,8.174545,2,1,0,glassy
310.0,19.804909,8.094994,2,1,0,glassy
310.5,19.922049,8.437144,2,1,0,glassy
311.0,19.808138,8.203831,2,1,0,glassy
311.5,19.783247,8.182883,2,1,0,glassy
312.0,19.505335,7.8520722,2,1,0,glassy
312.5,19.938965,8.318326,2,1,0,glassy
313.0,19.79038,8.33277,2,1,0,glassy
313.5,19.934906,8.147721,2,1,0,glassy
314.0,19.582518,8.824916,2,1,0,glassy
314.5,19.894678,8.189392,2,1,0,glassy
315.0,19.861643,8.199472,2,1,0,glassy
315.5,19.59687,8.222645,2,1,0,glassy
316.0,19.124413,8.740545,2,1,0,glassy
316.5,19.19012,8.840945,2,1,0,glassy
317.0,19.792967,8.660129,2,1,0,glassy
317.5,19.118675,9.05046,2,1,0,glassy
318.0,19.435703,8.22121,2,1,0,glassy
318.5,19.663012,8.527861,2,1,0,glassy
319.0,19.378052,8.945369,2,1,0,glassy
319.5,19.200119,9.086233,2,1,0,glassy
320.0,19.374062,9.17951,2,1,0,glassy
320.5,19.135227,9.23139,2,1,0,glassy
321.0,19.06871,9.1775675,2,1,0,glassy
321.5,19.14056,9.163757,2,1,0,glassy
322.0,19.496702,8.911075,2,1,0,glassy
322.5,19.734966,9.049994,2,1,0,glassy
323.0,19.06463,9.156423,2,1,0,glassy
323.5,19.497108,9.499865,2,1,0,glassy
324.0,19.402792,9.367867,2,1,0,glassy
324.5,19.383715,9.508502,2,1,0,glassy
325.0,19.321106,9.197355,2,1,0,glassy
325.5,19.28658,9.282705,2,1,0,glassy
326.0,19.26705,8.842404,2,1,0,glassy
326.5,19.273893,9.30034,2,1,0,glassy
327.0,19.31914,9.324014,2,1,0,glassy
327.5,19.541351,9.16475,2,1,0,glassy
328.0,19.637281,9.245534,2,1,0,glassy
328.5,19.566309,8.902634,2,1,0,glassy
329.0,19.230572,9.392096,2,1,0,glassy
329.5,19.300316,9.353497,2,1,0,glassy
330.0,19.722569,8.821598,2,1,0,glassy
330.5,19.35897,8.355746,2,1,0,glassy
331.0,19.244371,8.425769,2,1,0,glassy
331.5,19.460117,8.355352,2,1,0,glassy
332.0,19.384764,8.48105,2,1,0,glassy
332.5,19.476357,8.377474,2,1,0,glassy
333.0,19.200102,8.500295,2,1,0,glassy
333.5,19.433222,9.067832,2,1,0,glassy
334.0,19.51645,9.147553,2,1,0,glassy
334.5,19.715046,9.033318,2,1,0,glassy
335.0,19.69509,8.850844,2,1,0,glassy
335.5,19.741493,8.894312,2,1,0,glassy
336.0,19.560547,8.591922,2,1,0,glassy
336.5,19.812283,8.934424,2,1,0,glassy
337.0,19.968214,8.589463,2,1,0,glassy
337.5,19.929947,8.644727,2,1,0,glassy
338.0,20.074484,8.428316,2,2,0,glassy
338.5,19.782574,8.619874,2,1,0,glassy
339.0,19.877436,8.700449,2,1,0,glassy
339.5,19.394068,8.252504,2,1,0,glassy
340.0,9.411113,12.943593,4,0,1,rubbery
340.5,9.420272,12.949391,4,0,1,rubbery
341.0,9.42638,12.954774,4,0,1,rubbery
341.5,9.429781,12.955863,4,0,1,rubbery
342.0,9.397202,12.946285,4,0,1,rubbery
342.5,8.22298,0.86765105,5,0,0,rubbery
343.0,8.204901,0.9410373,5,0,0,rubbery
343.5,8.275617,0.9289366,5,0,0,rubbery
344.0,8.283624,0.94360244,5,0,0,rubbery
344.5,8.173725,0.8439855,5,0,0,rubbery
345.0,8.221202,0.8156423,5,0,0,rubbery
345.5,8.142872,0.75556934,5,0,0,rubbery
346.0,8.092635,0.7312006,5,0,0,rubbery
346.5,8.054861,0.85165584,5,0,0,rubbery
347.0,8.065099,0.80142057,5,0,0,rubbery
347.5,8.121517,0.81995857,5,0,0,rubbery
348.0,8.104407,0.72523594,5,0,0,rubbery
348.5,8.154599,0.79228354,5,0,0,rubbery
349.0,7.98653,0.7850003,5,0,0,rubbery
349.5,8.225263,0.93713367,5,0,0,rubbery
350.0,8.772552,1.7236112,5,0,0,rubbery
350.5,8.713575,1.6531984,5,0,0,rubbery
351.0,8.807063,1.764635,5,0,0,rubbery
351.5,8.750627,1.70198,5,0,0,rubbery
352.0,8.682304,1.6274139,5,0,0,rubbery
352.5,8.7666855,1.7206109,5,0,0,rubbery
353.0,8.680324,1.6048225,5,0,0,rubbery
353.5,8.574288,1.6027647,5,0,0,rubbery
354.0,8.586816,1.5413467,5,0,0,rubbery
354.5,8.503612,1.4288886,5,0,0,rubbery
355.0,8.486502,1.3975341,5,0,0,rubbery
355.5,8.52517,1.3834863,5,0,0,rubbery
356.0,8.538168,1.4274583,5,0,0,rubbery
356.5,8.506369,1.4035087,5,0,0,rubbery
357.0,8.523735,1.400917,5,0,0,rubbery
357.5,8.531523,1.4206965,5,0,0,rubbery
358.0,8.539148,1.4271226,5,0,0,rubbery
358.5,8.516243,1.4167622,5,0,0,rubbery
359.0,8.454141,1.3560606,5,0,0,rubbery
359.5,8.454734,1.3640057,5,0,0,rubbery
360.0,8.596264,-0.054312028,5,0,-1,rubbery
360.5,8.611411,-0.068646915,5,0,-1,rubbery
361.0,8.617027,-0.04784015,5,0,-1,rubbery
361.5,8.600853,-0.056110844,5,0,-1,rubbery
362.0,8.593843,-0.07558246,5,0,-1,rubbery
362.5,8.544949,-0.10079044,5,0,-1,rubbery
363.0,8.56563,-0.109048635,5,0,-1,rubbery
363.5,8.6564455,-0.13925497,5,0,-1,rubbery
364.0,8.554835,-1.121856,5,0,-1,rubbery
364.5,8.623761,-1.0404065,5,0,-1,rubbery
365.0,8.644868,-1.0566771,5,0,-1,rubbery
365.5,8.598763,-1.1333632,5,0,-1,rubbery
366.0,8.519138,-1.227095,5,0,-1,rubbery
366.5,8.597303,-1.2868856,5,0,-1,rubbery
367.0,8.574156,-1.3103944,5,0,-1,rubbery
367.5,8.597467,-1.3050675,5,0,-1,rubbery
368.0,8.541657,-1.3189147,5,0,-1,rubbery
368.5,8.565882,-1.3691403,5,0,-1,rubbery
369.0,8.63024,-1.2736175,5,0,-1,rubbery
369.5,8.627897,-1.2811544,5,0,-1,rubbery
370.0,8.2698765,-1.9212915,5,0,-1,rubbery
370.5,8.393684,-1.9752022,5,0,-1,rubbery
371.0,8.361676,-2.0611243,5,0,-1,rubbery
371.5,8.349858,-1.951118,5,0,-1,rubbery
372.0,8.312314,-2.0860512,5,0,-1,rubbery
372.5,8.368094,-2.0008008,5,0,-1,rubbery
373.0,8.356773,-2.0235593,5,0,-1,rubbery
373.5,8.399633,-2.0222423,5,0,-1,rubbery
374.0,8.390858,-1.9689924,5,0,-1,rubbery
374.5,8.354055,-2.0141108,5,0,-1,rubbery
375.0,8.326382,-1.9840702,5,0,-1,rubbery
375.5,8.32449,-1.9932098,5,0,-1,rubbery
376.0,8.249709,-2.2351017,5,0,-1,rubbery
376.5,8.2153015,-2.3352013,5,0,-1,rubbery
377.0,8.130334,-2.4701548,5,0,-1,rubbery
377.5,8.14971,-2.487787,5,0,-1,rubbery
378.0,8.12584,-2.4801595,5,0,-1,rubbery
378.5,8.098973,-2.5134916,5,0,-1,rubbery
379.0,8.131426,-2.4774096,5,0,-1,rubbery
379.5,8.132065,-2.4151418,5,0,-1,rubbery
380.0,8.086001,-2.520617,5,0,-1,rubbery
380.5,-0.9161214,3.9859,0,-1,0,rubbery
381.0,-0.90588504,3.9932818,0,-1,0,rubbery
381.5,-0.87345123,4.021439,0,-1,0,rubbery
382.0,-0.89209366,4.011447,0,-1,0,rubbery
382.5,-0.8687896,4.042766,0,-1,0,rubbery
383.0,-0.9077936,3.994773,0,-1,0,rubbery
383.5,-0.91358227,3.9896827,0,-1,0,rubbery
384.0,-0.9753902,3.9344642,0,-1,0,rubbery
384.5,-1.0412024,3.8687766,0,-1,0,rubbery
385.0,-1.0275149,3.8807557,0,-1,0,rubbery
385.5,-1.052652,3.8560786,0,-1,0,rubbery
386.0,-1.0516411,3.857986,0,-1,0,rubbery
386.5,-1.0850272,3.824857,0,-1,0,rubbery
387.0,-1.1807573,3.7307065,0,-1,0,rubbery
387.5,-1.1396601,3.77016,0,-1,0,rubbery
388.0,-1.128519,3.7831767,0,-1,0,rubbery
388.5,-1.0697995,3.849872,0,-1,0,rubbery
389.0,-1.1562191,3.7590492,0,-1,0,rubbery
389.5,-1.2021364,3.713431,0,-1,0,rubbery
390.0,-0.32476762,4.715094,0,-1,0,rubbery
390.5,-0.24869438,4.7989483,0,-1,0,rubbery
391.0,-0.25565532,4.792432,0,-1,0,rubbery
391.5,-0.13076138,4.9379582,0,-1,0,rubbery
392.0,-0.13748705,4.930372,0,-1,0,rubbery
392.5,0.00929386,5.098572,0,0,0,rubbery
393.0,-0.042225033,5.042219,0,-1,0,rubbery
393.5,0.021422388,5.116682,0,0,0,rubbery
394.0,0.107252374,5.208459,0,0,0,rubbery
394.5,0.09902643,5.2023635,0,0,0,rubbery
395.0,0.15299156,5.26598,0,0,0,rubbery
395.5,0.20922883,5.328251,0,0,0,rubbery
396.0,0.25156802,5.3721137,0,0,0,rubbery
396.5,0.24757731,5.366736,0,0,0,rubbery
397.0,0.21457922,5.334145,0,0,0,rubbery
397.5,0.24703662,5.3678374,0,0,0,rubbery
398.0,0.2540939,5.3740253,0,0,0,rubbery
398.5,0.22970884,5.351872,0,0,0,rubbery
399.0,0.3038183,5.4274707,0,0,0,rubbery
399.5,0.3237132,5.4498577,0,0,0,rubbery
400.0,-3.7825437,8.755221,0,-1,0,rubbery
400.5,-3.7308648,8.801328,0,-1,0,rubbery
401.0,-3.726041,8.850697,0,-1,0,rubbery
401.5,-3.7768648,8.761366,0,-1,0,rubbery
402.0,-3.793961,8.744332,0,-1,0,rubbery
402.5,-3.7207003,8.843448,0,-1,0,rubbery
403.0,-3.6679611,8.877315,0,-1,0,rubbery
403.5,-3.673334,8.847299,0,-1,0,rubbery
404.0,-3.6210248,8.8249855,0,-1,0,rubbery
404.5,-3.670176,8.952912,0,-1,0,rubbery
405.0,-3.663619,8.981637,0,-1,0,rubbery
405.5,-3.5903888,9.070998,0,-1,0,rubbery
406.0,-3.6162338,9.137441,0,-1,0,rubbery
406.5,-3.5324612,9.127244,0,-1,0,rubbery
407.0,-3.54841,9.114853,0,-1,0,rubbery
407.5,-3.5501735,9.132947,0,-1,0,rubbery
408.0,-3.5104442,9.186579,0,-1,0,rubbery
408.5,-3.55045,9.167052,0,-1,0,rubbery
409.0,-3.5492027,9.178171,0,-1,0,rubbery
409.5,-3.5042346,9.227754,0,-1,0,rubbery
410.0,-2.024918,17.996542,3,-1,1,rubbery
410.5,-2.0026784,18.033777,3,-1,1,rubbery
411.0,-2.0598972,17.97463,3,-1,1,rubbery
411.5,-2.0018158,18.057768,3,-1,1,rubbery
412.0,-2.0461228,17.97877,3,-1,1,rubbery
412.5,-2.0419872,17.971127,3,-1,1,rubbery
413.0,-1.9990978,18.006931,3,-1,1,rubbery
413.5,-2.1123831,17.889246,3,-1,1,rubbery
414.0,-2.183474,17.835985,3,-1,1,rubbery
414.5,-2.1954138,17.806137,3,-1,1,rubbery
415.0,-2.2104414,17.785164,3,-1,1,rubbery
415.5,-2.1770108,17.818943,3,-1,1,rubbery
416.0,-2.0868514,17.75499,3,-1,1,rubbery
416.5,-2.2041595,17.757658,3,-1,1,rubbery
417.0,-2.2627258,17.774967,3,-1,1,rubbery
417.5,-2.0863447,17.649204,3,-1,1,rubbery
418.0,-2.1893232,17.65695,3,-1,1,rubbery
418.5,-2.222714,17.586054,3,-1,1,rubbery
419.0,-2.1957076,17.601145,3,-1,1,rubbery
419.5,-2.1273303,17.558382,3,-1,1,rubbery
420.0,-1.3107873,18.554747,3,-1,1,rubbery
420.5,-1.2311893,18.63952,3,-1,1,rubbery
421.0,-1.2588053,18.608433,3,-1,1,rubbery
421.5,-1.2674633,18.59618,3,-1,1,rubbery
422.0,-1.2277577,18.642687,3,-1,1,rubbery
422.5,-1.1881908,18.688076,3,-1,1,rubbery
423.0,-1.2044969,18.674595,3,-1,1,rubbery
423.5,-1.0644401,18.85992,3,-1,1,rubbery
424.0,-1.0634892,18.868359,3,-1,1,rubbery
424.5,-1.0246952,18.921957,3,-1,1,rubbery
425.0,-0.9974282,18.960854,3,-1,1,rubbery
425.5,-0.9414484,19.017178,3,-1,1,rubbery
426.0,-0.90160745,19.0631,3,-1,1,rubbery
426.5,-0.93718064,19.023,3,-1,1,rubbery
427.0,-0.8540062,19.11086,3,-1,1,rubbery
427.5,-0.8903664,19.072708,3,-1,1,rubbery
428.0,-0.78599334,19.176695,3,-1,1,rubbery
428.5,-0.8331283,19.127623,3,-1,1,rubbery
429.0,-0.85442156,19.109426,3,-1,1,rubbery
429.5,-0.79715645,19.163717,3,-1,1,rubbery
430.0,0.8031472,20.201376,3,0,2,rubbery
430.5,0.78190917,20.181246,3,0,2,rubbery
431.0,0.81128365,20.210014,3,0,2,rubbery
431.5,0.81699884,20.21423,3,0,2,rubbery
432.0,0.881091,20.275093,3,0,2,rubbery
432.5,0.98602194,20.361977,3,0,2,rubbery
433.0,1.0658718,20.395117,3,0,2,rubbery
433.5,1.002461,20.37497,3,0,2,rubbery
434.0,1.0273771,20.424763,3,0,2,rubbery
434.5,1.0920389,20.46575,3,0,2,rubbery
435.0,1.1069031,20.491287,3,0,2,rubbery
435.5,1.14746,20.519356,3,0,2,rubbery
436.0,1.2392098,20.638737,3,0,2,rubbery
436.5,1.1855656,20.545195,3,0,2,rubbery
437.0,1.2618732,20.592262,3,0,2,rubbery
437.5,1.3187302,20.668493,3,0,2,rubbery
438.0,1.3124601,20.661753,3,0,2,rubbery
438.5,1.393548,20.741371,3,0,2,rubbery
439.0,1.3345854,20.686201,3,0,2,rubbery
439.5,1.3513602,20.703186,3,0,2,rubbery
440.0,-7.548318,13.813189,0,-1,1,rubbery
440.5,-7.528204,13.833216,0,-1,1,rubbery
441.0,-7.570668,13.792054,0,-1,1,rubbery
441.5,-7.5560174,13.803398,0,-1,1,rubbery
442.0,-7.556541,13.804109,0,-1,1,rubbery
442.5,-7.611053,13.737373,0,-1,1,rubbery
443.0,-7.572664,13.78139,0,-1,1,rubbery
443.5,-7.605102,13.730483,0,-1,1,rubbery
444.0,-7.6506515,13.677839,0,-1,1,rubbery
444.5,-7.705021,13.605698,0,-1,1,rubbery
445.0,-7.7265286,13.578714,0,-1,1,rubbery
445.5,-7.77567,13.5231905,0,-1,1,rubbery
446.0,-7.8162117,13.468155,0,-1,1,rubbery
446.5,-7.756227,13.535413,0,-1,1,rubbery
447.0,-7.859697,13.42479,0,-1,1,rubbery
447.5,-7.8523273,13.43279,0,-1,1,rubbery
448.0,-7.8961368,13.385327,0,-1,1,rubbery
448.5,-8.010762,13.262862,0,-1,1,rubbery
449.0,-7.9656825,13.312846,0,-1,1,rubbery
449.5,-7.930814,13.351466,0,-1,1,rubbery
450.0,-9.428844,2.60002,0,-1,0,rubbery
450.5,-9.444467,2.614136,0,-1,0,rubbery
451.0,-9.469324,2.6384342,0,-1,0,rubbery
451.5,-9.479958,2.6480494,0,-1,0,rubbery
452.0,-9.513115,2.6790073,0,-1,0,rubbery
452.5,-9.516175,2.6814365,0,-1,0,rubbery
453.0,-9.448896,2.614187,0,-1,0,rubbery
453.5,-9.5281925,2.6960132,0,-1,0,rubbery
454.0,-9.565579,2.7327669,0,-1,0,rubbery
454.5,-9.555051,2.7215893,0,-1,0,rubbery
455.0,-9.551241,2.7193332,0,-1,0,rubbery
455.5,-9.603094,2.7692947,0,-1,0,rubbery
456.0,-9.671381,2.837501,0,-1,0,rubbery
456.5,-9.6918125,2.8584406,0,-1,0,rubbery
457.0,-9.693943,2.8604348,0,-1,0,rubbery
457.5,-9.794509,2.9623659,0,-1,0,rubbery
458.0,-9.817063,2.985056,0,-1,0,rubbery
458.5,-9.8506975,3.018898,0,-1,0,rubbery
459.0,-9.794179,2.9621632,0,-1,0,rubbery
459.5,-9.767288,2.9352484,0,-1,0,rubbery
460.0,-8.095051,1.6654772,0,-1,0,rubbery
460.5,-8.063007,1.6059344,0,-1,0,rubbery
461.0,-8.031462,1.579798,0,-1,0,rubbery
461.5,-7.9527774,1.5701387,0,-1,0,rubbery
462.0,-7.9319525,1.4979924,0,-1,0,rubbery
462.5,-7.8362565,1.5136312,0,-1,0,rubbery
463.0,-7.8451943,1.6003509,0,-1,0,rubbery
463.5,-7.747853,1.4769151,0,-1,0,rubbery
464.0,-7.7410035,1.4685463,0,-1,0,rubbery
464.5,-7.7087016,1.486297,0,-1,0,rubbery
465.0,-7.6209226,1.557097,0,-1,0,rubbery
465.5,-7.5855627,1.5834359,0,-1,0,rubbery
466.0,-7.5426908,1.6040368,0,-1,0,rubbery
466.5,-7.551632,1.650764,0,-1,0,rubbery
467.0,-7.48466,1.6800923,0,-1,0,rubbery
467.5,-7.5496497,1.5790942,0,-1,0,rubbery
468.0,-7.573572,1.5614333,0,-1,0,rubbery
468.5,-7.4996467,1.6152812,0,-1,0,rubbery
469.0,-7.510691,1.6514492,0,-1,0,rubbery
469.5,-7.434642,1.6484936,0,-1,0,rubbery
470.0,-5.9467716,2.3404946,0,-1,0,rubbery
470.5,-5.927089,2.3447938,0,-1,0,rubbery
471.0,-5.911649,2.3451426,0,-1,0,rubbery
471.5,-5.9555693,2.364922,0,-1,0,rubbery
472.0,-5.9104166,2.345457,0,-1,0,rubbery
472.5,-5.8343687,2.3857296,0,-1,0,rubbery
473.0,-5.84075,2.3685164,0,-1,0,rubbery
473.5,-5.775985,2.4024541,0,-1,0,rubbery
474.0,-5.7456045,2.376254,0,-1,0,rubbery
474.5,-5.695842,2.426042,0,-1,0,rubbery
475.0,-5.6269035,2.409799,0,-1,0,rubbery
475.5,-5.608398,2.4560716,0,-1,0,rubbery
476.0,-5.6107354,2.443615,0,-1,0,rubbery
476.5,-5.5120845,2.3652716,0,-1,0,rubbery
477.0,-5.5220675,2.3644793,0,-1,0,rubbery
477.5,-5.4832544,2.3212287,0,-1,0,rubbery
478.0,-5.431217,2.2787244,0,-1,0,rubbery
478.5,-5.44724,2.2703385,0,-1,0,rubbery
479.0,-5.368424,2.206257,0,-1,0,rubbery
479.5,-5.3916225,2.2337627,0,-1,0,rubbery
480.0,3.6533318,-4.0019255,1,0,-1,rubbery
480.5,3.7109525,-4.0155506,1,0,-1,rubbery
481.0,3.595868,-3.949412,1,0,-1,rubbery
481.5,3.6338923,-3.9521844,1,0,-1,rubbery
482.0,3.6533935,-3.9464483,1,0,-1,rubbery
482.5,3.5564992,-4.061437,1,0,-1,rubbery
483.0,3.6259575,-3.988246,1,0,-1,rubbery
483.5,3.678967,-4.005909,1,0,-1,rubbery
484.0,3.6916256,-3.9553308,1,0,-1,rubbery
484.5,3.7126455,-3.9678793,1,0,-1,rubbery
485.0,3.6514153,-3.9404395,1,0,-1,rubbery
485.5,3.7442374,-3.8489084,1,0,-1,rubbery
486.0,3.7319698,-3.8664422,1,0,-1,rubbery
486.5,3.6717107,-3.9222167,1,0,-1,rubbery
487.0,3.7609844,-3.9003751,1,0,-1,rubbery
487.5,3.7014656,-3.8750415,1,0,-1,rubbery
488.0,3.580328,-3.8045397,1,0,-1,rubbery
488.5,3.5932715,-3.8388386,1,0,-1,rubbery
489.0,3.5229647,-3.7520545,1,0,-1,rubbery
489.5,3.522911,-3.7648447,1,0,-1,rubbery
490.0,0.8805871,-9.335698,1,0,-1,rubbery
490.5,0.79036367,-9.246505,1,0,-1,rubbery
491.0,0.79038674,-9.253428,1,0,-1,rubbery
491.5,0.77250755,-9.236079,1,0,-1,rubbery
492.0,0.8957686,-9.362395,1,0,-1,rubbery
492.5,0.8546601,-9.331344,1,0,-1,rubbery
493.0,0.97735316,-9.429915,1,0,-1,rubbery
493.5,0.95094556,-9.40559,1,0,-1,rubbery
494.0,0.9602867,-9.430621,1,0,-1,rubbery
494.5,1.0106833,-9.45292,1,0,-1,rubbery
495.0,1.047695,-9.504976,1,0,-1,rubbery
495.5,1.0027415,-9.467639,1,0,-1,rubbery
496.0,1.0311853,-9.518127,1,0,-1,rubbery
496.5,1.0871553,-9.584947,1,0,-1,rubbery
497.0,1.091604,-9.610995,1,0,-1,rubbery
497.5,1.0628524,-9.700625,1,0,-1,rubbery
498.0,1.088605,-9.770517,1,0,-1,rubbery
498.5,1.0562582,-9.8004055,1,0,-1,rubbery
499.0,1.0861906,-9.76286,1,0,-1,rubbery
499.5,1.1462183,-9.827624,1,0,-1,rubbery
500.0,1.1107621,-9.848192,1,0,-1,rubbery
